106.76459777357698
106.49942239025415
106.49942239025415
106.28938248267171
106.50729888678849
105.89030665826508
106.38521319050619
106.46397815584962
106.46397815584962
107.30807603444654
106.71340054610376
107.17811384162991
106.80004200798152
106.80004200798152
106.83811174123083
106.95888468809073
106.60444234404537
106.50861163621089
105.79841419869776
105.8338584331023
105.8338584331023
107.23715415019763
107.23715415019763
107.06127914303718
106.32292157170512
106.76722327242176
106.76722327242176
107.1124763705104
107.41703423650493
107.41703423650493
107.53911993278723
107.53911993278723
107.46429321571098
107.41047048939298
107.3395820205839
107.3395820205839
107.2463768115942
107.54043268220963
107.54043268220963
106.8827452215921
106.8827452215921
107.7045263600084
108.61133069828722
108.2151858853182
108.2151858853182
108.37549407114625
107.23587481621509
108.54018445322794
108.4703557312253
107.91587901701324
107.91587901701324
108.02221172022685
107.87518378491913
107.87518378491913
107.76753833228314
108.24012812434363
108.19418189455996
108.03665196387314
107.94213400546104
107.94213400546104
108.06060606060606
107.63109354413702
108.24727272727273
108.57652892561984
108.57652892561984
108.50380165289256
108.47603305785124
108.58975206611571
108.8396694214876
109.00231404958677
109.19140495867768
109.19140495867768
108.31357048748353
108.31357048748353
108.53096179183136
108.4505928853755
108.27009222661397
108.26113211510187
107.98151648813274
108.75230566534914
108.75230566534914
107.06127914303718
107.06127914303718
106.7081495484142
107.82136105860114
106.72784078975005
106.72784078975005
106.98346675037932
106.41055825877675
106.41055825877675
106.30119722747322
106.30119722747322
105.65105761837115
106.81604143776487
107.37108800672128
107.37108800672128
106.90374921235035
106.88930896870406
107.0048309178744
107.1242911153119
107.63363789119933
107.63363789119933
107.40521949170342
106.55313137655
106.55313137655
107.79510607015332
107.83448855282504
108.17711615206889
106.53612724323759
107.72421760134425
107.72421760134425
108.95471074380166
108.74703557312253
107.56521739130434
107.55994729907773
107.55994729907773
106.26275309998431
106.47726678177158
106.62982705365637
106.62982705365637
106.49819494584838
107.59556815795001
107.96313799621929
107.59162990968284
107.59162990968284
107.66251837849191
107.36977525729888
107.50892669607225
107.20830707834489
107.10197437513128
107.33039277462719
107.33039277462719
107.09147237975215
107.09147237975215
106.73834278512918
106.85386473429952
106.90768746061752
106.90768746061752
106.7619722747322
106.65563957151859
106.65563957151859
106.77378701953371
106.77378701953371
106.28544423440454
106.85780298256668
107.18730308758664
107.18730308758664
107.44460197437513
106.9403024119709
106.417391077689
106.4864653520833
106.80426934547167
106.80426934547167
107.77219693402397
106.22841428925179
106.22841428925179
106.5845236226652
107.53413906765029
107.2267566577722
107.85721760058598
107.214984565479
107.214984565479
106.9076021556009
107.05017527337414
107.05017527337414
106.7212770426381
107.35533501365259
107.32776727578239
106.20781666928269
107.59819365679479
107.59819365679479
107.03633690401176
106.29200798151649
106.61001317523056
106.67852437417655
106.67852437417655
108.35966942148761
107.15942028985508
106.25787649653434
106.33270321361059
107.65332913253518
107.32382902751523
107.32382902751523
107.4892354547364
107.4892354547364
106.44559966393615
106.303822726318
107.39996849401386
106.94575719386684
107.06127914303718
107.37812911725955
107.37812911725955
106.03996009241756
106.03996009241756
108.3305785123967
107.97355371900827
107.03030303030303
107.03030303030303
107.27667984189723
106.75098814229248
106.75098814229248
107.28194993412384
107.28194993412384
106.832674571805
108.11107438016529
108.06347107438016
108.06347107438016
107.79900826446281
108.10446280991735
108.08330578512397
108.07669421487603
107.85454545454546
107.85454545454546
107.82809917355372
107.93256198347107
107.93256198347107
107.89157024793388
108.89388429752066
107.65480895915678
107.57575757575758
107.42555994729908
107.42555994729908
107.65858013022475
107.98545454545454
107.50197628458498
107.6455862977602
107.6455862977602
107.46376811594203
107.54962192816635
107.20961982776727
107.1256038647343
107.08884688090737
107.04815164881327
107.04815164881327
106.83286074354127
106.83286074354127
106.57950010501996
106.45478890989288
106.67401806343206
106.034709094728
106.80660575509347
106.56637261079605
106.56637261079605
106.88537072043688
106.88537072043688
106.1830497794581
106.60575509346776
106.44587453565636
106.44587453565636
105.94490660806781
105.99068696698582
105.99068696698582
105.39292628054204
105.39292628054204
105.09064369404007
106.49557892533878
106.69832051483283
106.69832051483283
106.40663422801235
106.23005284361429
106.18165646418667
106.05870350023544
106.44064249463716
106.44064249463716
106.52435515094439
106.5518233662952
106.5518233662952
106.3470135150986
106.39262860196276
106.71063092181573
106.55814620286984
106.42781738325796
106.42781738325796
106.11893808077781
105.9247481395561
105.9247481395561
105.97948624379309
106.99916287343693
107.08418353999896
106.73886883273165
106.19583208434881
106.19583208434881
106.16334432061947
105.7240417573538
104.90557677019119
105.35912106244054
105.35912106244054
105.65887734754786
105.85306728876957
105.6680003649207
105.46208082993392
105.36433421522501
105.36433421522501
104.23473495571774
105.57416361480014
105.57416361480014
105.42037560765812
105.31741584016474
105.4672939827184
105.37476052079397
105.4751137118951
105.4751137118951
105.82178837206271
105.74619765668783
105.74619765668783
103.93354381243206
104.02153097665752
104.128927074168
104.128927074168
103.94001345686041
103.94001345686041
103.92319238134672
104.07458206096993
104.07458206096993
104.23502924279282
105.19050463600239
105.70840229900038
105.70840229900038
105.79832918453258
105.94429746249789
106.41348121310065
106.61288430710682
106.24796361219356
106.24796361219356
104.39935821127271
104.21044459396512
104.21044459396512
105.78266628574397
105.8242214892346
104.99844728533719
105.07737694736298
105.4268498558554
105.4268498558554
104.81391060436849
105.05796801407794
105.05796801407794
105.33854504843778
105.1174887428187
104.75777651260287
103.89601987474768
104.28290461156254
104.28290461156254
103.90637130583303
105.53073786458198
105.32063557786864
105.60995247123601
105.60995247123601
105.29863878681228
105.61047564825837
104.30360747373324
103.7148698307541
103.56218622224523
103.56218622224523
103.64629159981368
103.65534910201335
103.65534910201335
103.15848040991668
104.85546580785913
104.5805082552663
104.8794058278557
104.52616324206822
104.52616324206822
103.91042005105592
104.3256042647896
104.3256042647896
102.89693092329236
103.00484320602253
103.14872624966277
103.14872624966277
102.64642026695444
102.64642026695444
102.81728138127721
103.12688685911024
103.12688685911024
103.42306799721513
103.31476754080606
103.78922668316959
103.78922668316959
103.72089425234006
103.91815579794229
103.61517237822645
103.6074366313401
103.73378716381734
103.73378716381734
103.69897630282871
103.36069680502563
103.36069680502563
103.72297375419123
103.73507645496505
104.0135633428741
103.28253526211289
103.85755911399913
103.85755911399913
103.41722228645573
103.99146979098418
103.9452216698141
104.04966349501045
104.04966349501045
104.8794058278557
104.93375084105378
104.8341183168573
104.8341183168573
104.39806428238704
103.58551868182873
103.73249787266961
103.4643253139424
103.4643253139424
104.84576367682833
104.91434190776874
105.08902230733399
104.1141280523968
104.74871901040319
104.74871901040319
104.84317581905698
104.02929454997154
104.02929454997154
105.29863878681228
104.81729724134361
104.64779255732105
104.93116298328243
104.84835153459966
104.84835153459966
104.40712178458672
104.19621137622276
104.19621137622276
105.06961337404896
105.13336623120276
103.89601987474768
103.89601987474768
103.87402308369133
103.87402308369133
103.74333626623881
103.62170695098597
103.62170695098597
105.12687323065735
105.10497986419738
104.76482164501036
104.76482164501036
104.57714814476925
103.7601573417525
104.08493349205527
104.4407639356141
104.2932560426479
104.2932560426479
104.8302365302003
104.54557217535324
104.54557217535324
104.17680244293774
104.40065214015837
104.42523678898608
104.34113141141763
103.94260131463174
103.94260131463174
103.34828911064696
105.76574697962961
105.76574697962961
104.19232958956576
103.5171862509992
104.16956757174906
103.06522269755014
103.08963142816768
103.08963142816768
103.06522269755014
103.24122249200293
102.64848950332821
103.49430248840585
103.49430248840585
103.47374776788583
104.03032412779454
105.11101909839036
105.11101909839036
105.30899021789763
104.49060106753306
105.67387816365613
105.74633818125356
105.74633818125356
105.95207287407484
104.453211624249
104.61308372656714
105.0269461849875
104.90188494365798
104.90188494365798
104.90575281710116
105.3093009463397
105.3093009463397
104.72501637954291
103.84758674734394
104.31396818029448
104.97515656539517
103.96328098811273
103.96328098811273
103.61377680142856
103.72040441412624
103.72040441412624
104.17003892550198
104.2458344574196
104.46165902287997
104.46165902287997
103.12882653061224
103.12882653061224
103.06122448979592
103.88376856118792
103.88376856118792
104.80209658149305
104.50662247401755
104.86376074305315
104.86376074305315
104.75456379029046
105.09885535900104
105.05132256779847
105.21832967202374
105.42644621728908
105.42644621728908
105.05888376856119
105.03968253968254
105.03968253968254
105.1036866359447
103.76275510204081
105.13952892985151
103.83673469387755
103.80484693877551
103.80484693877551
104.75765306122449
104.85331632653062
104.95408163265306
105.05867346938776
105.05867346938776
111.85648611339775
112.00212763262877
111.2840516204202
111.2840516204202
108.10244026436197
108.09608540925267
104.71045918367346
104.83035714285714
104.83035714285714
105.23214285714286
104.80102040816327
107.62074224707676
107.62074224707676
108.14946619217082
108.64260294865277
111.47781816339712
111.28025227644027
111.28025227644027
111.32964374817948
111.24859107660744
111.09915021339648
107.5584646670056
107.83426537874936
107.83426537874936
107.57880020335536
106.95602440264362
106.95602440264362
110.30002152961589
111.68171629032054
111.52720963513633
111.52720963513633
111.76276896189258
111.76276896189258
111.28911741239347
111.43349248363116
111.43349248363116
105.48724489795919
112.47957852610783
112.04265396841478
112.04265396841478
111.70197945821354
108.87010676156584
104.59311224489795
104.52295918367346
104.46428571428571
104.46428571428571
104.51530612244898
108.31977630910015
108.31977630910015
108.31087951194712
111.1105482453363
111.4081635237649
111.69944656222692
111.42336089968465
111.42336089968465
111.46135433948405
110.88005471055331
110.8889198465065
110.67489013563657
110.67489013563657
108.12785968479919
108.05795627859685
108.08337569903406
108.08337569903406
108.1952211489578
108.50152516522623
104.80102040816327
111.25239042058737
111.25239042058737
111.3891668038652
111.44868985955092
111.70957814617343
111.70957814617343
112.00972632058864
111.68171629032054
111.72477552209318
111.65385443446765
111.65385443446765
111.32711085219286
111.47275237142387
111.58546624282874
111.13967654918251
108.43543467208947
108.43543467208947
108.29689883070667
111.29038386038677
111.29038386038677
111.64625574650778
108.95780376207422
112.03758817644153
112.03758817644153
111.95146971289624
111.95146971289624
111.69818011423361
111.44109117159104
111.44109117159104
108.55998983223182
107.75546517539401
107.43899339095069
107.43899339095069
103.96301020408163
104.34183673469387
108.1952211489578
110.30255442560251
104.15051020408163
104.15051020408163
108.10752414844941
111.20173250085485
111.20173250085485
111.38410101189194
107.41738688357906
110.16071225035144
110.49125517660617
110.11385367459886
110.11385367459886
110.65336051975025
110.79140335102139
111.66651891440078
111.80582819366522
111.80582819366522
111.55887083496916
110.78887045503477
111.62219323463482
111.62219323463482
111.76783475386583
111.71591038614
111.966667088816
111.38156811590532
111.38156811590532
111.70451235420018
111.37650232393207
111.18780157292841
108.77986781901373
111.84635452945125
111.84635452945125
112.06671648028774
108.71504829689883
108.71504829689883
109.3111337061515
112.69234178898444
112.76199642861665
112.76199642861665
112.72273654082395
112.72273654082395
111.93685166956917
111.88006360263496
111.88006360263496
112.89877281189447
110.83390121400268
111.70957814617343
111.70957814617343
111.69438077025367
110.7825382150682
111.43222603563785
111.75263737794607
111.49428198731019
111.49428198731019
108.30960854092527
105.24489795918367
105.24489795918367
108.73029994916116
112.64928255721179
111.81975912159167
108.88154550076258
108.53838332486019
108.53838332486019
108.71886120996442
108.4799186578546
105.54974489795919
105.0
105.0
105.85714285714286
105.95663265306122
105.84566326530613
105.84566326530613
106.16454081632654
112.27758007117438
112.10721587037177
111.7071754877464
111.7071754877464
110.60434585785423
111.86618207516216
110.69236959911473
112.01761692032004
111.92107496105672
111.92107496105672
112.1021770241005
111.83242360152481
111.83242360152481
111.64245640252783
112.08697964818074
112.1211737440002
112.30227580704398
112.66827927711148
112.66827927711148
112.90383860386773
112.82151948430237
112.82151948430237
112.00466052861539
111.93500588898317
111.62472613062144
111.62472613062144
111.92740720102329
111.92740720102329
111.32711085219286
111.05102518965059
111.05102518965059
110.85219285470042
110.86485733463356
111.05862387761047
111.05862387761047
111.07002190955028
111.41449576373147
111.60572941072175
111.88181507326402
108.44051855617693
108.44051855617693
108.61464158617183
105.25255102040816
105.25255102040816
104.61734693877551
103.88647959183673
104.02806122448979
104.85331632653062
108.51042196237925
108.51042196237925
108.44178952719878
107.75800711743773
110.87498891858006
111.86281835336432
111.86281835336432
111.12194627727612
108.55363497712253
110.68248882359646
110.68248882359646
110.45706108078672
111.34610757209255
110.57357429617153
110.5710414001849
110.5710414001849
111.66145312242753
108.36171835282155
111.38410101189194
111.58799913881536
111.3410417801193
111.3410417801193
111.21186408480136
111.50904823199818
111.50904823199818
111.0736730521693
111.03202846975088
112.05278555236129
107.83172343670564
111.40056483580501
111.40056483580501
111.79443016172542
111.68298273831385
111.68298273831385
111.33977533212598
111.56140373095579
111.56140373095579
111.20299894884816
110.03508240579491
109.74609424295197
109.46846369349588
109.96805995674262
109.35189376791912
109.35189376791912
110.43890865954923
110.43890865954923
110.20166073546856
110.30135534186417
110.32154665455188
107.20005083884088
107.33604473817996
104.46556122448979
104.46556122448979
104.47831632653062
104.47831632653062
107.55592272496187
107.47076766649721
104.68239795918367
104.62117346938776
104.71683673469387
104.57270408163265
104.57270408163265
104.58545918367346
104.53954081632654
104.77933673469387
104.55484693877551
104.55484693877551
104.60586734693878
105.05739795918367
107.63218098627351
107.63218098627351
111.07002190955028
111.38790035587189
111.32204506021961
111.32964374817948
111.32964374817948
110.66222565570345
111.73110776205975
107.71733604473818
104.86352040816327
104.98341836734694
104.98341836734694
110.96237383011866
111.2806340072184
111.2806340072184
112.54036802978686
111.4371166805482
111.78920269554024
111.70843744478938
111.734938542692
111.734938542692
111.80813205118498
111.75260594129375
111.75260594129375
112.35420017476983
112.0641835843011
112.0641835843011
111.84635452945125
111.986930256709
111.986930256709
111.68424918630717
112.08444675219413
111.00678932889124
110.43584326744127
110.19817916603793
110.5276394547558
110.5276394547558
110.51254967053971
110.31763995774861
109.9215597824725
109.54188908102148
109.54188908102148
109.425356489487
109.62584266847104
110.26489236398265
110.26489236398265
110.62702052477258
110.73227576873919
111.08187354334261
110.8024459313836
110.8024459313836
110.84379620579907
110.88890559607047
112.0253005382023
112.0253005382023
111.23098513896198
110.95782272009623
110.97285918352003
111.27584125547004
111.27584125547004
111.13751823348926
110.54933213041626
111.75871435038479
111.96368391931995
111.03049895997795
111.03049895997795
110.83251885823121
109.6180499194646
109.6180499194646
110.8054789047185
110.78050668631148
110.78050668631148
110.6369164304711
110.77676085355043
110.77676085355043
110.59196643733846
110.45087340333879
110.45087340333879
109.9626665334815
109.72418184769444
109.72418184769444
110.302288703817
109.97515264268502
110.3684650825956
109.9761110834619
110.2411067687198
110.5882206045774
110.5882206045774
110.60195532470127
110.51205533843599
110.4783428435865
110.45212201425913
110.45212201425913
110.0800359599945
110.29354842737455
110.22487482675524
110.22487482675524
109.30506478209658
109.12859443868696
110.03009152318046
110.02010263581765
110.14621233877311
110.14621233877311
109.93145126047273
109.93145126047273
109.0305081371622
108.94714577215946
110.35722758431245
110.40592341020614
107.86302320968062
108.45568108296422
108.45568108296422
108.63360374259692
109.24824565769174
108.88340607022417
108.80033723467567
108.80033723467567
108.93795873834557
109.20328307875421
109.19956357865503
109.19956357865503
110.00348380032847
109.60126958936719
109.54547708787939
109.73021225947232
109.73021225947232
109.70417575877802
109.6521027573894
108.43340746231776
108.32871652816252
108.41243459526008
108.41243459526008
108.85717815665926
108.6266543551862
108.6266543551862
108.44576229305659
108.67432666172473
108.17974761465067
108.75339757845317
108.5470719051149
108.5470719051149
107.96060326254232
108.10834102800862
108.10834102800862
107.33271775931055
108.11942136041858
107.3056325023084
107.45829485995691
107.4016620498615
107.4016620498615
107.04085388295914
107.14636240952031
107.14636240952031
108.26592797783934
108.39396737457679
108.39396737457679
108.67185569557697
108.7039782554979
107.92438843587843
107.82802075611563
107.82307882382011
107.76501111934766
107.76501111934766
108.7891787343781
107.97504324190758
107.77346875961834
108.55201383741043
108.55201383741043
108.7175685693106
108.0763528539659
108.07882382011367
108.07882382011367
107.09879963065559
108.34568816407216
107.71682727946627
107.86261428218434
107.86261428218434
107.70200148257969
108.71974806585995
107.93797874969113
107.93797874969113
108.18507536446751
109.33842491569133
109.47852608609404
109.49960325332275
109.49960325332275
109.48348541955961
109.04582424122198
108.15418828762046
108.83641069029015
107.87666137671097
107.87666137671097
109.04668292440154
109.56552033046334
109.56552033046334
108.22505455266813
109.02598690735965
109.18220591152549
109.29875024796668
110.60195532470127
110.60195532470127
109.43238938933958
109.152449910732
109.152449910732
109.0383852410236
108.8437314024995
109.44234310456378
109.21091922560096
110.30478592565771
110.30478592565771
110.08627901459626
109.99263319556992
109.99263319556992
108.78297956754612
108.94838998656249
108.94838998656249
109.32414273627631
109.72043601493338
109.6155526976239
109.68922074192461
109.27717913820874
109.24846108704067
109.24846108704067
109.3982943974828
109.28966524741226
110.65082825852693
110.62952660200988
110.62952660200988
110.56938074831466
110.12650269101152
110.53769931089985
110.53769931089985
109.3957971756421
109.9165476279979
110.06130679618924
109.97140680992396
109.97140680992396
109.8477943288092
109.95267764611869
109.79535267015446
109.79535267015446
109.69296657468566
109.60056936657968
109.97390403176466
110.0775387381538
110.0775387381538
109.27468191636804
110.36097341707351
110.91020725258753
111.38272722700066
109.669242967199
109.669242967199
110.48208867634756
111.11695862466482
111.11695862466482
110.60195532470127
108.74309461006321
110.08627901459626
110.61069560114373
110.84543445416973
110.84543445416973
110.84044001048834
110.44213312689632
110.44213312689632
110.18265067436421
109.64094425709185
109.64094425709185
110.01165443364413
109.9310652648284
109.9310652648284
108.79039704524469
109.02185287780856
108.69559864573715
108.69559864573715
108.34498834498835
108.34498834498835
108.08125577100647
108.45429362880887
107.30788238201137
109.27810680336435
109.16236857766316
109.6252426218086
109.6252426218086
108.65899623090657
108.83877206903392
108.33827526562887
108.74227823078824
108.74227823078824
108.0984918436442
108.31148045552477
107.7315666789351
107.7315666789351
107.67641449459632
106.90285324431666
106.94678823343733
107.03662785756778
107.03662785756778
107.24301618327283
106.71215640727836
108.10499095533514
106.87790360046458
107.00251645373596
107.00251645373596
107.28440766550523
106.99749228395062
106.99749228395062
107.82278358497871
107.34610917537746
106.69487847222223
106.48068050749711
106.04695309496347
106.04695309496347
105.97215071658624
105.97334802025838
105.97334802025838
105.82009315022569
105.97454532393051
105.97454532393051
105.85122304570108
106.07871074340585
106.07871074340585
105.914680140324
105.74945223357
105.74945223357
105.11128937632452
105.78776595107817
105.78776595107817
105.68120592425856
105.90510171094695
104.73008323424494
104.8370986920333
105.04637336504162
104.99405469678953
104.99405469678953
104.71105826397147
104.71105826397147
105.7705112960761
105.86206896551724
105.31391200951248
105.60047562425683
105.66111771700356
106.00951248513674
106.00951248513674
106.4992244362248
105.16646848989298
105.95632979358072
105.19866364395656
105.19866364395656
