56.75039246467818
56.37906049993962
56.37906049993962
56.110373143340176
56.110373143340176
57.450790967274486
57.87948315420843
58.14515155174496
58.14515155174496
57.64702330636396
57.393430745079094
57.27267238256249
57.640985388238136
57.43267721289699
57.43267721289699
57.203236324115444
56.563381973218036
56.563381973218036
56.28115054344563
56.10700774635201
57.66513706074146
57.28172925975124
57.299843014128726
57.299843014128726
57.26059654631083
57.586644125105664
57.500150123100944
57.64126583798715
57.64126583798715
57.34210844100954
56.57678640747708
55.66006748484577
55.66006748484577
54.31828922495274
57.439756337902
57.439756337902
57.16503926662486
57.16503926662486
57.232931003422806
57.32300486398847
57.42965825383408
55.803759082447606
54.96555001187931
56.893308250470305
56.893308250470305
56.72368733665954
56.72368733665954
56.135661677358044
56.88435008510257
57.0664994475798
57.0664994475798
55.19422665716322
54.76429584120983
54.76429584120983
56.185613186419424
56.185613186419424
55.50902827274887
55.19258034026465
54.87062854442344
54.87062854442344
55.08329395085066
54.79383270321361
55.60609640831758
55.635633270321364
55.06852551984877
55.06852551984877
54.92655699177438
55.650401701323254
55.650401701323254
53.97473560517039
54.85881379962193
54.81155482041588
55.877835538752365
55.94281663516068
55.94281663516068
55.16895085066162
55.08329395085066
55.81285444234405
55.71242911153119
55.71242911153119
55.76264177693762
55.316635160680526
55.786271266540645
55.786271266540645
56.07868620037807
55.42009400705053
57.912925330812854
55.213256143667294
55.213256143667294
55.11578449905482
55.9455927773818
57.608695652173914
57.73639819434545
54.82041587901701
57.2601606805293
57.2601606805293
57.396030245746694
57.396030245746694
56.668625146886015
56.409499054820415
55.975323149236196
56.991774383078734
55.55522914218567
54.822498173849525
54.822498173849525
56.82726204465335
56.82726204465335
56.10164512338425
54.85898942420682
55.511163337250295
55.511163337250295
55.2081811541271
54.79035792549306
54.79035792549306
55.12344777209642
55.12344777209642
54.07272517053995
53.79234593594635
53.67383512544803
53.67383512544803
53.98311943577292
53.63625852699734
54.70502760825342
55.10316768381284
54.972391746585295
54.972391746585295
54.48125544899739
54.272170193085906
54.272170193085906
54.75199445022546
54.957861086893345
54.90230084402821
54.47070323730665
54.591455350468635
54.591455350468635
54.51382899200736
54.39103205696474
53.982098430038036
53.538848694558034
53.538848694558034
53.54170837027081
54.3738740026881
54.39389173267752
53.53312934313249
53.610340587377394
53.59604220881352
53.59604220881352
54.18032315565522
54.18032315565522
54.02794548904606
54.390201828532
54.0192742143041
53.796219508707715
54.18032315565522
54.01641453859133
54.01641453859133
53.50453258600475
53.50453258600475
53.84769367153765
53.88200978009094
54.14582255189466
54.14582255189466
53.724727615888355
53.724727615888355
54.03944569029958
54.079696394686906
54.079696394686906
53.487313687564
53.69211514392991
53.56496152105025
53.56496152105025
53.74331550802139
53.11226799456768
53.66964689904934
53.95665035840255
53.57549209238821
53.57549209238821
53.79451587211287
53.100950656405615
53.100950656405615
52.9128672745694
52.7840765936004
51.921838694325466
50.606648199445985
52.27177290669354
52.27177290669354
51.97222922090647
51.470914127423825
51.79224376731302
52.5268669054836
52.5268669054836
52.02259575640672
51.90961697437311
51.473684210526315
51.473684210526315
51.3213296398892
51.52711290277428
50.36842105263158
51.19113573407202
51.19113573407202
50.64819944598338
51.205792258423834
50.94736842105263
50.61218836565097
50.634349030470915
50.634349030470915
50.95290858725762
51.25870231133389
51.25870231133389
50.983379501385045
50.307479224376735
52.35310498468393
52.05235310498468
50.56232686980609
50.56232686980609
50.174515235457065
51.15512465373961
51.15512465373961
51.282548476454295
51.390581717451525
51.49030470914128
51.49030470914128
51.83235867446394
51.83235867446394
51.77839335180055
52.450939223426
52.450939223426
51.21971595655806
52.42574396013549
52.37815290725344
52.37815290725344
52.330561854371375
52.631281122679944
