64.99626544096525
67.17744725008647
67.50312369845898
66.14666205465237
67.17571382294415
67.08315979453006
66.53593410153177
67.84210282752557
66.18769956962377
67.00564184718256
65.9146651858022
67.29469944974576
67.5942643478666
68.00894593996436
68.10562732239164
67.69636182117898
67.59188316965012
67.68707482993197
67.6069745304265
68.01942946336008
67.29372020917211
67.04046806435885
67.04046806435885
66.70265375774883
67.17939127588947
68.97166447738788
68.25938566552901
68.07068224440587
67.23433004461322
68.66241889829817
68.90223946888588
68.90223946888588
68.9419795221843
68.69969364814966
68.22211091567753
67.087560717073
68.38868245407635
67.36945101282484
68.25006697806614
68.16503395496744
68.16503395496744
68.11145150205594
66.98135036327456
67.1294368087371
67.09704289879217
66.79465006341519
67.27520940348928
65.60807996668055
67.23703086676848
67.23703086676848
67.29834791059281
67.52741913091768
66.29297977694479
66.53014947475589
67.00564579573326
67.16003807666411
67.24246012398133
65.69832014438428
65.69832014438428
67.17280768962875
67.11824661605256
65.76773566569484
66.39825998426582
66.41214308852793
66.60650654819752
66.9454856772641
66.50006941552131
66.34157064186219
65.80360035170531
65.49354435651811
66.03961312416124
66.39825998426582
67.27960808896938
67.63483550416754
67.6069745304265
67.56982656543846
67.61045715214414
67.63483550416754
67.69171832555548
67.5477699612268
67.59884841308538
67.31559518005155
67.067168164194
66.74302374010828
66.83267163520698
67.39801722736877
65.8915266786987
66.2004257485307
68.02525364302439
68.02641847895724
67.71773695674965
67.08315979453006
67.1965384793373
67.23356009070295
67.26132629922718
67.25091397103058
67.1005136748577
66.65394048775973
66.96168263223657
66.96168263223657
66.84367624600861
66.82053773890509
66.88573734578577
68.15105592377314
68.22327575161039
68.0753415881373
67.47079173898356
66.81409765271296
66.81409765271296
66.54361403264377
66.28125652991572
67.76782490186257
67.01725058624132
68.41663851646496
68.32578131370197
67.87281465487219
67.55865611550743
67.55865611550743
67.50543754916933
67.5308899069832
67.40709889397937
67.45453283354158
67.48345596742098
67.58179462261094
67.73103799342866
67.99250312369846
66.37165070109677
66.38321995464852
65.65778853914448
66.2004257485307
66.08324685806527
66.34504141792772
65.9322033898305
67.23625043237634
67.1693762250663
67.19704831084977
67.56675459299366
66.68280871670702
66.54287565366283
67.63038548752834
67.65352399463187
66.56370031005599
66.79161460502569
67.18149844972002
67.9855615715674
66.81591003748439
66.50878781546749
68.0098570040261
66.03631213577582
67.40131426720347
67.65352399463187
67.70905641168032
67.65121014392152
67.38048961081032
67.10976907769911
66.87954093201907
66.78582997824981
66.23744735989634
67.5112221759452
67.56675459299366
67.61187468184552
67.54708686195566
68.60883644538667
67.27520940348928
67.50428062381415
67.71137026239067
66.93275949835717
66.93275949835717
66.74302374010828
66.78351612753946
66.76963302327734
67.9473830348466
65.28698649813272
67.11902448054052
67.39321578971725
67.4290804757277
67.4290804757277
67.38974501365172
67.34346799944467
66.4925631269457
66.92724547446097
67.21042158359943
67.35040955157574
67.29024943310658
67.29024943310658
67.22893238928225
67.75092289475518
67.68359220821435
67.51353602665556
67.20810773288908
66.95589800546068
66.93275949835717
67.00101809431256
67.00101809431256
66.73608218797723
68.42539063406933
68.30001625223468
68.46253859905737
66.21546577814799
66.85061779813967
67.26595400064788
67.72190104710826
67.87513640268394
67.5872396740266
66.79045767967051
68.0051542801421
67.8623667897193
68.00167165842446
68.1421374010355
66.80829328318359
67.83538538596838
67.90411070600706
67.7328798238768
66.84544124817162
66.83615425692462
66.64344918854914
66.50354019158684
67.1780276736545
67.06464898884724
66.92350409551575
66.70600212874265
67.08200286917489
67.24547446097083
66.50585404229719
67.10019601060763
67.09327798916176
66.8269341634959
66.48564510549983
68.01795548151233
67.9716784673053
68.02374010828821
67.70782889426957
67.88722291637744
66.27003343710365
66.48795111264845
65.32720482619936
67.30888965755794
67.22010838233598
67.13478611783697
66.88652686009767
67.52104231523117
66.67704369883546
66.35074368730542
65.95756946846535
65.95756946846535
65.79268995733887
65.52865213882163
67.60751758330451
67.08532031025567
66.496983625395
65.17407237746221
66.39586325768457
66.39586325768457
66.40505601838552
66.46365986785406
66.24697336561744
66.53868326991814
66.1385910296322
66.07056381874784
68.28867601462353
67.35156647693091
67.04729510851959
68.00291545189505
67.9658938405294
65.74202815282965
65.80178109738581
65.59724217178972
65.40534329215743
65.81097385808675
67.20252800919276
67.38498789346247
66.75553002010916
66.77046825624821
66.8750359092215
66.90146509623672
66.84860672220626
65.2421717897156
66.16489514507326
66.07879065506184
66.28440103418558
66.00287273771904
65.89830508474576
64.62207970682547
66.79115196782534
67.00603274921
67.0186727951738
67.02901465096237
66.894570525711
67.49899454179834
67.01637460499856
66.91065785693766
66.75667911519679
66.87158862395863
65.57885665038782
67.03590922148808
66.98879632289572
67.47261616511011
67.18205926438372
66.80848610630693
66.62338408503304
67.65824974057419
68.01101392938128
67.53783145911426
67.53783145911426
67.73566569484937
66.81591003748439
66.7036882780323
66.50122634087649
66.35892452218982
68.10009718172984
68.2181035679578
68.2181035679578
68.2377712989958
67.63154241288352
65.39490372420154
66.14666205465237
67.58873617474201
67.83169049932899
67.77153038085983
67.05984088550674
67.05984088550674
67.04023982474345
67.70211485954925
67.52394835485215
66.56133295030163
66.66934788853777
66.04404473653868
65.60244436757753
67.47882826600028
67.38858808829654
65.51135708520697
65.61282139974634
66.14896806180099
66.08670586878819
66.42568891963565
66.12244897959184
67.53783145911426
66.63668857373457
66.34300488365412
67.01177822464808
67.01407641482332
66.99339270324619
66.80838839413961
66.99873169606826
67.05292286406087
66.01781097385809
65.9994254524562
66.09250215455329
67.78194270905641
66.89150236365732
67.09904300703332
65.61907497845446
65.79718471703534
67.00449671393982
67.60146235364894
67.3909019390069
66.96760059956186
67.21852006108566
66.93185748875821
65.83165756966389
65.90222529689842
66.03366770436989
65.391554151106
67.05407586763519
67.34925262622056
67.4001573418483
67.11172604635074
66.94684653522425
66.98489565317652
66.94684653522425
66.19477161735134
67.14977516430301
66.81528296466533
64.8843334860284
64.87101407641482
65.29273197357081
65.4099396725079
65.3295030163746
66.03366770436989
66.03366770436989
67.5025942580422
67.80970891758064
67.64095468695953
67.37461086129368
67.11403205349937
66.93301049233253
67.14170413928284
67.10019601060763
67.10019601060763
67.85945670785321
67.76227497801843
67.93581378129483
67.50720627233945
66.85779948290721
66.61304222924447
65.98908359666763
65.74777362826774
65.89530727545255
65.9206733540874
65.82612706099388
65.91144932549291
66.08209385449095
66.55097413114906
66.40147584457512
67.5441023867174
67.33310273261847
67.19704831084977
67.27891156462584
66.91571543871785
65.10434682347515
65.16545601291364
66.89265536723164
67.3261847111726
67.3423110740895
67.14563376370957
67.43255125179323
67.28467658249741
67.19128329297821
67.20857834659287
67.17744725008647
67.33425573619279
67.17860025366079
67.02640378185173
67.0333218032976
67.81086584293581
67.64426859179046
67.63501318894905
67.42213892359665
67.09241519737147
66.39571082670356
66.30001153003575
66.59287443791075
66.28732849071832
66.4314539375072
66.14435604750375
67.57022536905919
67.6998010088389
67.57485307047989
67.84441667823592
67.28677865704105
66.24120834774588
66.42799492678428
66.17034568929613
66.40751538710722
66.46998935628673
66.45379240131427
67.11786755518534
67.11786755518534
67.33768337266879
67.42560969966217
67.49271137026238
67.65468091998704
67.51006525059003
67.56559766763849
67.36999884699642
67.29966562896345
67.29966562896345
67.31696068257811
66.99411968177101
67.05868788193243
67.0967369998847
67.12556208924248
67.2742995503286
67.23855643952496
67.5551853394419
67.57948077190059
67.38152888273953
68.02836780970891
67.9427553334259
68.15331574806794
67.88837984173261
67.94969688555695
68.01332778009163
67.96820769123975
67.49618214632793
67.77962885834606
67.99134619834328
65.97598222962654
67.99828775047433
68.0539109841889
68.67639692949248
68.466021220775
66.73839603868758
66.81990202224235
66.89884144784193
66.13563792864085
66.1518348836133
67.53964384388567
66.48387246054885
67.37007728261372
67.18149844972002
67.09935674950252
67.25901244851683
67.30413253736869
67.21736313573048
67.3712342079689
67.27289555277893
67.29256328381693
67.29603405988246
68.3095006710167
67.68013327780092
66.35219764435507
66.23659633344863
66.73608218797723
67.21664937161306
67.11864406779661
67.11864406779661
66.96068257811599
67.17168223221492
66.83022120080436
66.98419994254525
66.35420269802836
66.33575464083938
67.46147438567263
66.24697336561744
66.24697336561744
67.26968753603136
66.24120834774588
66.99523346753668
67.59914850293859
67.56328381692813
67.62807163681799
66.86103012633625
66.13282601176064
66.13282601176064
68.01679855615716
67.93812763200518
68.0052293026054
67.85714285714286
67.87102596140497
67.91845990096719
68.42982090795502
65.80867566791152
67.2627695145855
67.21780237518736
67.19128329297821
67.26161651101118
67.21203735731581
67.57600999583507
67.17975325723509
68.27016520894072
68.06900234496528
67.9855615715674
67.75764727659771
67.76574575408395
66.8876394095053
66.64237123420797
68.16883750087065
66.58221111573882
66.75806376972558
66.45379240131427
66.57989726502846
66.52552177333519
66.45147855060391
66.48965708732473
66.45379240131427
67.44445218360381
67.57563093496785
68.09454157089456
67.99934991061271
68.16767662696478
67.57214831325021
67.66733997353208
66.76847609792216
66.98713499005044
66.98713499005044
66.52436484798001
66.53014947475589
66.49197093803508
67.54428733950918
66.07894858623722
66.12985330186497
66.11944097366838
67.34926052332196
67.34926052332196
67.16645842010273
67.38858808829654
66.25133046415846
67.27752325419964
67.28099403026516
67.56212689157296
67.51237910130038
67.37007728261372
67.37007728261372
67.51353602665556
67.58989310009719
67.62344393539729
67.58873617474201
67.5262622055625
